27 0.372577 0.638479 0.043656 0.203619
26 0.408759 0.658885 0.039646 0.211388
17 0.525493 0.681948 0.031221 0.214577
19 0.597382 0.661175 0.040344 0.204666
18 0.560149 0.686818 0.036462 0.230527
9 0.566289 0.430610 0.037752 0.217150
25 0.439472 0.667584 0.029599 0.193174
11 0.634933 0.425464 0.048597 0.221365
8 0.525488 0.444563 0.045955 0.207446
28 0.333861 0.630519 0.045095 0.195237
24 0.469732 0.655278 0.028095 0.202734
10 0.599217 0.413832 0.036320 0.234801
16 0.497022 0.668695 0.025323 0.187205
14 0.715106 0.427399 0.043747 0.191771
6 0.231535 0.389101 0.050019 0.153682
9 0.437108 0.439566 0.042180 0.192008
31 0.219878 0.539769 0.074766 0.140128
1 0.437195 0.439304 0.041927 0.188334
12 0.328974 0.401262 0.045759 0.192753
4 0.329015 0.401225 0.046531 0.193002
15 0.760253 0.421381 0.044104 0.151466
0 0.480594 0.428822 0.041704 0.209152
