20 0.347190 0.681563 0.060370 0.224352
19 0.386638 0.693297 0.054145 0.217425
23 0.187923 0.578768 0.076295 0.188419
12 0.332032 0.427378 0.037361 0.199248
13 0.285724 0.410364 0.057585 0.198111
22 0.238488 0.625209 0.079653 0.219255
21 0.291200 0.660616 0.087687 0.225782
18 0.426536 0.691026 0.038118 0.206242
17 0.460658 0.681072 0.026604 0.165262
9 0.435401 0.446074 0.033465 0.250673
10 0.402693 0.426037 0.038898 0.267968
14 0.239711 0.379756 0.061575 0.205279
15 0.209775 0.358136 0.061001 0.136535
0 0.511955 0.446186 0.035792 0.258179
11 0.366165 0.431961 0.043986 0.229736
14 0.773586 0.373604 0.071976 0.217046
8 0.471934 0.446050 0.037677 0.249990
12 0.666044 0.425397 0.045705 0.215945
25 0.538504 0.686546 0.029703 0.185990
15 0.813830 0.352280 0.071002 0.162663
24 0.509776 0.673761 0.026068 0.167366
13 0.716458 0.392583 0.072981 0.249722
23 0.842235 0.575164 0.100696 0.185057
16 0.484023 0.678318 0.024811 0.186768
11 0.625920 0.433452 0.050095 0.236850
22 0.789351 0.619658 0.112498 0.213750
1 0.546803 0.463628 0.042758 0.210933
10 0.584956 0.450859 0.042403 0.227693
23 0.088676 0.032229 0.086315 0.064429
9 0.546638 0.464223 0.042967 0.211256
