30 0.228879 0.681284 0.086590 0.201443
23 0.851398 0.631909 0.088271 0.160676
29 0.289215 0.708529 0.081886 0.219185
13 0.733479 0.473737 0.052822 0.187954
20 0.680879 0.716142 0.045968 0.214556
21 0.731272 0.703401 0.075670 0.208147
31 0.166555 0.645242 0.090025 0.174250
22 0.792016 0.668076 0.085653 0.189024
2 0.413704 0.454778 0.043059 0.262226
12 0.689456 0.463316 0.032722 0.214590
27 0.389036 0.717344 0.040224 0.219397
4 0.336603 0.466859 0.037823 0.213917
26 0.431705 0.717577 0.039580 0.232616
28 0.346368 0.713561 0.047774 0.221216
14 0.784220 0.447450 0.046511 0.200737
9 0.580559 0.471307 0.033473 0.214654
7 0.188193 0.446198 0.066308 0.169315
11 0.654878 0.463004 0.036979 0.226968
19 0.603793 0.712175 0.048950 0.208865
10 0.617881 0.464364 0.037858 0.230003
8 0.540810 0.464208 0.043564 0.236056
15 0.831666 0.439615 0.058385 0.171113
25 0.468559 0.699300 0.028268 0.196340
5 0.289856 0.475257 0.055018 0.192421
24 0.500100 0.693629 0.028519 0.184421
0 0.495624 0.464353 0.042911 0.230255
3 0.375651 0.463384 0.045132 0.224482
18 0.565019 0.704363 0.040153 0.199114
6 0.234671 0.457881 0.051669 0.202999
1 0.456803 0.465779 0.038859 0.216299
19 0.641728 0.717574 0.045007 0.213189
16 0.530296 0.692797 0.031275 0.184675
20 0.641915 0.716943 0.045110 0.213805
17 0.565239 0.704927 0.039985 0.198981
18 0.603879 0.712733 0.049823 0.211785
17 0.530608 0.688946 0.032004 0.178694
