30 0.243517 0.643115 0.085016 0.186270
29 0.302929 0.669379 0.087674 0.200371
21 0.725281 0.673868 0.085283 0.204654
13 0.732487 0.457235 0.053041 0.182091
27 0.402560 0.692736 0.038845 0.210367
31 0.180378 0.579545 0.082406 0.142017
20 0.669773 0.687820 0.053754 0.204563
2 0.423586 0.447847 0.040049 0.226523
22 0.781332 0.639313 0.077566 0.178720
18 0.594563 0.696513 0.037377 0.196298
23 0.828556 0.601632 0.058783 0.157999
19 0.627206 0.697919 0.035749 0.206402
6 0.241937 0.438799 0.056229 0.195712
5 0.300399 0.454580 0.060129 0.175791
12 0.685652 0.451921 0.037932 0.201714
4 0.350046 0.450691 0.041872 0.197456
17 0.563229 0.697115 0.033205 0.183439
7 0.209341 0.390738 0.060682 0.146104
26 0.440957 0.689242 0.038177 0.204170
9 0.578963 0.463726 0.033344 0.211827
3 0.387264 0.455304 0.042846 0.201054
28 0.363080 0.684228 0.042360 0.208225
14 0.785465 0.449041 0.053877 0.171660
15 0.818703 0.401102 0.053544 0.121710
10 0.613287 0.456978 0.037978 0.223366
8 0.540190 0.466420 0.040250 0.215892
11 0.651101 0.457101 0.038896 0.210153
25 0.477273 0.679720 0.033268 0.180800
1 0.465956 0.460137 0.042792 0.206491
0 0.500500 0.461545 0.045272 0.254063
16 0.530862 0.680877 0.024460 0.144096
24 0.503810 0.683086 0.028336 0.167756
