31 0.152276 0.578542 0.056305 0.115632
21 0.731028 0.656176 0.095334 0.215568
20 0.671053 0.672528 0.057961 0.184262
9 0.576609 0.485063 0.045161 0.185347
12 0.703605 0.446729 0.040420 0.193630
18 0.593400 0.726242 0.041767 0.249885
0 0.478716 0.479738 0.049819 0.202557
8 0.534802 0.483064 0.046332 0.191592
19 0.632024 0.691278 0.048803 0.199270
2 0.389022 0.420675 0.052563 0.245504
27 0.376148 0.699979 0.055528 0.199134
10 0.618138 0.440634 0.051748 0.234505
23 0.853984 0.572785 0.056692 0.112944
22 0.796385 0.610914 0.085916 0.184657
28 0.331264 0.684799 0.060381 0.188626
14 0.779805 0.354352 0.071110 0.146763
13 0.750326 0.431198 0.071743 0.206040
30 0.209165 0.607220 0.088350 0.174005
11 0.662149 0.457953 0.045327 0.211456
24 0.492802 0.712473 0.029844 0.210471
29 0.274501 0.662553 0.097831 0.213852
1 0.436080 0.486112 0.050374 0.190061
17 0.555852 0.709188 0.033890 0.218956
15 0.201775 0.275755 0.056607 0.081972
3 0.345041 0.468551 0.048483 0.207199
26 0.417768 0.731505 0.046743 0.237596
15 0.806389 0.280537 0.054558 0.090746
4 0.302814 0.448801 0.040069 0.213572
16 0.524590 0.701675 0.027651 0.200166
6 0.229879 0.362064 0.066937 0.144432
17 0.459774 0.720413 0.038678 0.215986
25 0.460106 0.725079 0.037452 0.229150
14 0.229704 0.362831 0.066426 0.142947
16 0.493401 0.715132 0.029637 0.197029
14 0.750081 0.431142 0.072142 0.206279
5 0.260974 0.429767 0.075091 0.221925
7 0.201971 0.276294 0.057284 0.079375
