21 0.728524 0.651927 0.088620 0.205146
9 0.558564 0.490649 0.036391 0.186542
12 0.673283 0.446977 0.048794 0.200685
20 0.669096 0.675025 0.051293 0.190890
23 0.853866 0.589636 0.055537 0.117779
19 0.625215 0.680941 0.042094 0.187082
18 0.590981 0.690939 0.041966 0.184844
22 0.787155 0.610470 0.081690 0.185958
8 0.477256 0.486102 0.042917 0.217583
9 0.437087 0.487380 0.033578 0.197960
15 0.803932 0.331769 0.057158 0.105994
13 0.724671 0.445820 0.062577 0.172662
17 0.553214 0.675016 0.031182 0.122422
10 0.401941 0.460876 0.038107 0.237278
31 0.170507 0.597350 0.061221 0.124264
0 0.521342 0.484067 0.042029 0.217149
12 0.329198 0.433573 0.045466 0.215341
28 0.354398 0.673092 0.051472 0.203860
30 0.233265 0.605983 0.080875 0.182918
14 0.779399 0.421426 0.065833 0.163667
13 0.281393 0.429923 0.058425 0.189312
29 0.296392 0.642478 0.085924 0.199364
27 0.398339 0.671150 0.040852 0.181015
14 0.228264 0.413683 0.063014 0.165893
16 0.523697 0.673199 0.026236 0.113899
26 0.431190 0.684961 0.042164 0.182906
24 0.498085 0.674262 0.026031 0.121208
11 0.635253 0.453637 0.042549 0.218111
25 0.470303 0.672798 0.031583 0.123348
11 0.364643 0.456760 0.040358 0.206552
1 0.558709 0.490222 0.035909 0.186543
10 0.593502 0.458070 0.041465 0.235231
8 0.520970 0.484070 0.042508 0.216798
2 0.593622 0.457900 0.041048 0.235797
15 0.205296 0.317877 0.057674 0.111640
7 0.205607 0.317991 0.057589 0.112093
16 0.497944 0.675928 0.025400 0.119108
