29 0.723344 0.635318 0.086744 0.209949
12 0.312939 0.396834 0.044376 0.203915
17 0.451489 0.635202 0.033874 0.178397
25 0.539710 0.628780 0.038617 0.152197
0 0.517861 0.402661 0.044226 0.256619
9 0.431028 0.410127 0.040052 0.215442
10 0.392345 0.400288 0.041235 0.236371
8 0.471342 0.411531 0.041868 0.246926
21 0.273792 0.632653 0.079095 0.221786
20 0.331219 0.642399 0.046420 0.171710
23 0.149115 0.563312 0.063804 0.125986
18 0.415394 0.651806 0.038362 0.195391
26 0.570675 0.659886 0.038450 0.180701
22 0.208089 0.580180 0.081631 0.192260
14 0.807269 0.369785 0.064600 0.182885
13 0.258772 0.391261 0.060843 0.184668
11 0.352958 0.401785 0.044351 0.221256
16 0.480645 0.631586 0.025463 0.151330
1 0.559000 0.405954 0.045351 0.218615
19 0.375465 0.651318 0.045449 0.195057
15 0.828518 0.280936 0.073652 0.138302
24 0.508538 0.634873 0.028827 0.161447
12 0.690841 0.384446 0.049766 0.231008
2 0.602467 0.398313 0.042858 0.245937
14 0.200493 0.348903 0.060668 0.218267
10 0.602695 0.396693 0.042423 0.251810
30 0.790447 0.591211 0.083844 0.191086
31 0.855117 0.576724 0.073285 0.131049
13 0.747366 0.382881 0.063802 0.211862
11 0.643545 0.398175 0.047280 0.222472
15 0.176903 0.277939 0.058832 0.129625
23 0.855166 0.576777 0.072671 0.131894
7 0.178502 0.278979 0.059000 0.131227
27 0.605814 0.654862 0.045507 0.203917
9 0.559112 0.405786 0.044406 0.219779
3 0.643235 0.400171 0.048010 0.218772
