29 0.299925 0.640008 0.113199 0.237759
30 0.232980 0.586473 0.108112 0.214139
31 0.166340 0.554837 0.069772 0.121421
13 0.744888 0.372156 0.052444 0.201031
5 0.299807 0.381571 0.062849 0.204145
21 0.746310 0.627022 0.093455 0.231606
14 0.794337 0.352272 0.063623 0.177125
12 0.699680 0.385884 0.041190 0.219125
18 0.612395 0.670358 0.046299 0.250399
6 0.241268 0.350762 0.065272 0.202354
11 0.657836 0.390399 0.040778 0.230343
23 0.854348 0.534929 0.061404 0.119466
27 0.424764 0.657261 0.045486 0.228602
19 0.646699 0.650079 0.038843 0.222868
22 0.802052 0.571082 0.087237 0.197039
4 0.355973 0.379124 0.051369 0.238785
28 0.373227 0.656278 0.064049 0.237237
20 0.688679 0.643727 0.054467 0.224703
15 0.816100 0.251271 0.050409 0.104340
7 0.219210 0.252436 0.061212 0.097297
9 0.587017 0.380843 0.033326 0.242672
10 0.623582 0.389227 0.034491 0.245613
8 0.552670 0.383018 0.036157 0.270769
17 0.577928 0.656424 0.028837 0.209073
25 0.501815 0.647368 0.032210 0.199561
3 0.397681 0.399690 0.043133 0.214286
26 0.467312 0.655274 0.034189 0.226173
16 0.553018 0.645198 0.034855 0.195773
1 0.483025 0.356640 0.045136 0.298185
0 0.512736 0.378364 0.038527 0.274715
24 0.523908 0.642068 0.032125 0.200788
16 0.523853 0.640490 0.030151 0.192858
2 0.443495 0.384128 0.033020 0.249090
2 0.426984 0.377200 0.017039 0.245279
