31 0.167006 0.586322 0.056929 0.122236
29 0.288607 0.676740 0.091329 0.190370
9 0.558974 0.502854 0.039997 0.208441
20 0.677746 0.682643 0.062337 0.197527
23 0.848861 0.567811 0.056678 0.122504
19 0.629944 0.684774 0.046226 0.169992
14 0.765721 0.422876 0.069432 0.172458
8 0.522224 0.499483 0.040972 0.243800
12 0.669793 0.473012 0.052976 0.197355
21 0.728575 0.650975 0.084797 0.191065
22 0.787631 0.596628 0.086149 0.182630
13 0.716878 0.459003 0.062777 0.179003
24 0.499568 0.714047 0.027959 0.140751
18 0.593279 0.703508 0.049147 0.198343
10 0.596183 0.488353 0.037565 0.237332
25 0.470870 0.714017 0.030017 0.153716
11 0.635064 0.477271 0.040672 0.210073
30 0.228031 0.622635 0.089438 0.180152
27 0.398813 0.706164 0.042900 0.175861
9 0.442779 0.502155 0.032916 0.232011
26 0.438088 0.711352 0.035669 0.176057
4 0.331678 0.484178 0.044340 0.207839
5 0.285073 0.478960 0.056517 0.185225
0 0.478797 0.512823 0.040656 0.217965
3 0.369474 0.496193 0.044155 0.213983
15 0.228938 0.334561 0.061184 0.116952
17 0.561249 0.706679 0.042752 0.150938
16 0.532418 0.710263 0.037606 0.140268
28 0.348911 0.709262 0.058988 0.194274
15 0.777857 0.321479 0.060359 0.097628
2 0.406100 0.501835 0.035738 0.239285
6 0.241124 0.459316 0.069475 0.140590
7 0.228988 0.336886 0.060125 0.114892
16 0.500028 0.715424 0.028479 0.143456
