30 0.244357 0.600073 0.087327 0.193041
29 0.314772 0.641971 0.091797 0.218021
21 0.719942 0.641625 0.080547 0.211730
31 0.178619 0.566190 0.073095 0.125495
12 0.694454 0.411557 0.038342 0.236199
7 0.225229 0.305050 0.059951 0.118972
23 0.835663 0.568185 0.061485 0.122314
13 0.739766 0.405497 0.053445 0.217193
26 0.445239 0.693846 0.059285 0.213346
27 0.410668 0.657596 0.054007 0.198300
20 0.672811 0.678191 0.064664 0.258671
22 0.780717 0.604113 0.077328 0.193037
2 0.433169 0.398278 0.049022 0.243671
4 0.356347 0.406080 0.044567 0.241870
6 0.253440 0.392600 0.084652 0.204567
9 0.578885 0.448081 0.038448 0.228238
24 0.515407 0.669181 0.030769 0.157473
5 0.302507 0.399110 0.061518 0.225841
28 0.369320 0.661801 0.066434 0.231174
11 0.655686 0.414541 0.041750 0.251746
17 0.564250 0.677402 0.034314 0.182417
18 0.603658 0.702911 0.052666 0.236065
10 0.617052 0.417840 0.041458 0.273789
14 0.781222 0.403331 0.064911 0.169652
8 0.542256 0.448588 0.040179 0.240542
19 0.632745 0.681186 0.050817 0.241750
16 0.540431 0.669089 0.028691 0.146133
25 0.489206 0.669560 0.039829 0.168551
1 0.481456 0.412343 0.069771 0.288134
3 0.394768 0.411535 0.040014 0.256793
0 0.508509 0.413177 0.046260 0.309286
15 0.795944 0.308496 0.068616 0.125311
