21 0.727006 0.607195 0.092154 0.230835
20 0.662824 0.609085 0.052690 0.223266
18 0.578176 0.603171 0.043718 0.231013
22 0.802265 0.581141 0.096524 0.204177
9 0.438270 0.351982 0.038490 0.214753
10 0.397268 0.347613 0.041808 0.232315
19 0.617196 0.604093 0.041489 0.226196
12 0.692311 0.356972 0.045389 0.222928
17 0.539711 0.585135 0.031042 0.177126
15 0.850394 0.300735 0.055449 0.128251
8 0.481220 0.354271 0.042757 0.214158
31 0.138014 0.525802 0.089926 0.140813
15 0.170270 0.292171 0.064272 0.139349
12 0.322903 0.356300 0.043236 0.217178
29 0.283832 0.596159 0.092085 0.219253
14 0.810163 0.348932 0.061544 0.210729
11 0.653389 0.350356 0.040101 0.229390
16 0.510504 0.574732 0.026597 0.186506
9 0.569920 0.344896 0.038490 0.227432
28 0.338355 0.601627 0.050829 0.209611
10 0.612016 0.348798 0.044853 0.235065
11 0.356149 0.352491 0.038462 0.219624
30 0.215195 0.576505 0.082726 0.211260
14 0.207607 0.343903 0.060833 0.205607
13 0.746693 0.360325 0.061568 0.204096
0 0.526134 0.347968 0.046010 0.231989
13 0.270772 0.357565 0.061087 0.196010
23 0.865807 0.549218 0.074933 0.167323
17 0.458749 0.592397 0.034652 0.166099
24 0.484926 0.575628 0.033079 0.184365
27 0.381302 0.608600 0.040194 0.218676
26 0.420483 0.603997 0.040362 0.232742
18 0.420471 0.604002 0.039794 0.231206
31 0.865805 0.548990 0.075332 0.167810
8 0.525853 0.348928 0.045409 0.229885
25 0.458583 0.592694 0.033361 0.172722
7 0.849692 0.300252 0.054657 0.127414
16 0.484296 0.576871 0.033561 0.176739
