29 0.703286 0.681978 0.092515 0.192507
31 0.836411 0.617085 0.083617 0.139533
17 0.439135 0.686650 0.028682 0.138355
27 0.593082 0.694207 0.043219 0.185155
24 0.493145 0.675975 0.030790 0.128603
8 0.481803 0.475594 0.040771 0.204871
28 0.638511 0.696950 0.051552 0.198501
26 0.551974 0.692266 0.037761 0.181697
18 0.402915 0.695849 0.046840 0.206103
9 0.561682 0.481055 0.031609 0.195918
0 0.523590 0.478760 0.040775 0.200359
30 0.771032 0.651851 0.088386 0.187185
25 0.517423 0.682571 0.032099 0.153277
16 0.466863 0.674879 0.029854 0.138348
6 0.779137 0.459347 0.057429 0.176839
19 0.371740 0.666237 0.045959 0.165545
31 0.168195 0.587142 0.068012 0.133085
12 0.672203 0.468964 0.039116 0.210852
10 0.595886 0.471171 0.037184 0.228009
29 0.280494 0.651564 0.083687 0.188191
1 0.561695 0.481340 0.031734 0.195390
20 0.334000 0.676122 0.047989 0.198450
5 0.719631 0.478416 0.058660 0.173658
11 0.633727 0.470982 0.042994 0.218234
9 0.445811 0.466470 0.034732 0.194647
10 0.410025 0.452977 0.037190 0.232459
3 0.370777 0.466435 0.041632 0.196732
2 0.409996 0.453374 0.037257 0.230896
5 0.286149 0.451572 0.054021 0.183309
15 0.817806 0.374114 0.058550 0.119807
21 0.280263 0.652286 0.083478 0.189288
30 0.224515 0.620833 0.075160 0.180631
4 0.671925 0.469169 0.039925 0.209503
2 0.595668 0.471419 0.037259 0.225826
4 0.331483 0.460501 0.039504 0.199757
7 0.817538 0.373448 0.056433 0.117761
7 0.198397 0.356571 0.050358 0.114367
13 0.719515 0.478182 0.058308 0.172910
6 0.230403 0.425636 0.053592 0.202117
8 0.523501 0.479132 0.041185 0.200408
11 0.370802 0.465902 0.041864 0.197238
12 0.331547 0.460692 0.039524 0.199421
