7 0.223838 0.221493 0.066519 0.108154
29 0.303011 0.600365 0.088684 0.202695
21 0.710888 0.611278 0.085526 0.206979
20 0.657110 0.633084 0.042266 0.191109
23 0.830467 0.544251 0.062884 0.121950
30 0.237871 0.551907 0.090832 0.190851
18 0.589388 0.655599 0.044740 0.201381
31 0.186004 0.537529 0.062469 0.127144
22 0.774488 0.560733 0.088101 0.199645
9 0.577530 0.418493 0.034272 0.232964
0 0.488893 0.418380 0.044524 0.248034
19 0.621383 0.642316 0.037950 0.183999
17 0.552617 0.653679 0.034385 0.174149
5 0.293812 0.375999 0.060669 0.185345
13 0.720858 0.364186 0.072132 0.215039
4 0.346165 0.385825 0.062528 0.201166
12 0.684556 0.385076 0.041575 0.218457
2 0.413389 0.403751 0.052558 0.249953
6 0.237651 0.366180 0.060102 0.150598
1 0.450519 0.413755 0.040458 0.234142
8 0.535936 0.416240 0.043832 0.252315
10 0.614502 0.398088 0.037183 0.259222
11 0.649973 0.390059 0.044088 0.223984
3 0.377806 0.390201 0.054299 0.229389
27 0.385823 0.643300 0.039348 0.189570
16 0.520365 0.671586 0.021671 0.143802
28 0.353858 0.625372 0.048128 0.185694
17 0.458117 0.652266 0.032540 0.171975
26 0.414832 0.656509 0.054686 0.202293
14 0.781712 0.361847 0.061663 0.156226
24 0.491310 0.655335 0.021264 0.169857
15 0.792610 0.223561 0.062269 0.108851
18 0.414736 0.655567 0.054419 0.200043
25 0.459205 0.653057 0.031258 0.177623
