30 0.253037 0.528977 0.094319 0.194478
29 0.320423 0.563588 0.098329 0.216180
21 0.716643 0.574545 0.087560 0.211106
31 0.189487 0.519386 0.066523 0.130919
7 0.221647 0.212782 0.063910 0.102162
20 0.658095 0.591077 0.047745 0.194841
6 0.249053 0.310763 0.061172 0.186670
22 0.774383 0.531780 0.083399 0.194043
13 0.715172 0.341040 0.059548 0.196429
27 0.422067 0.600994 0.042786 0.201301
14 0.766164 0.321327 0.062630 0.178567
23 0.831955 0.491765 0.065775 0.119814
19 0.615791 0.597867 0.038668 0.204164
26 0.456999 0.605662 0.043311 0.212173
12 0.666205 0.354961 0.040501 0.197233
15 0.788112 0.217498 0.058355 0.111606
28 0.380766 0.587049 0.055921 0.200628
5 0.308686 0.325446 0.066655 0.183608
18 0.591102 0.617268 0.042258 0.220405
8 0.529509 0.382164 0.037080 0.218537
25 0.488684 0.601330 0.043216 0.178188
9 0.563398 0.372215 0.034172 0.210921
2 0.416365 0.351488 0.044973 0.262417
0 0.489475 0.385249 0.038242 0.214240
17 0.556352 0.601419 0.024646 0.168249
4 0.362838 0.334356 0.041235 0.211236
11 0.634396 0.363624 0.041924 0.195753
16 0.533210 0.596723 0.025576 0.168658
1 0.454627 0.382716 0.033977 0.197074
10 0.600877 0.345888 0.036771 0.265586
24 0.510398 0.593124 0.025001 0.160787
3 0.381817 0.345661 0.036350 0.233347
