30 0.232258 0.694784 0.091034 0.196985
29 0.296315 0.738423 0.090763 0.225711
31 0.173593 0.655598 0.062949 0.117746
7 0.250494 0.398506 0.056575 0.101378
22 0.784658 0.717235 0.082976 0.196517
0 0.507157 0.510743 0.040883 0.209479
20 0.667375 0.767965 0.047431 0.216757
21 0.721888 0.759636 0.081041 0.221117
23 0.839328 0.690829 0.056880 0.113092
19 0.628253 0.771064 0.036095 0.221464
6 0.287435 0.453156 0.065728 0.154654
18 0.587062 0.770960 0.036790 0.240353
13 0.709806 0.527926 0.054792 0.185228
27 0.401451 0.754384 0.038527 0.224006
17 0.557177 0.742678 0.030474 0.199099
12 0.666482 0.524712 0.035998 0.191992
2 0.440465 0.492662 0.040536 0.185860
25 0.475494 0.739694 0.028207 0.196861
5 0.332530 0.505530 0.064614 0.182435
8 0.550677 0.517365 0.041075 0.200055
28 0.357463 0.753206 0.050511 0.218503
9 0.581165 0.521742 0.032841 0.176601
11 0.636246 0.525740 0.039555 0.198444
24 0.503726 0.741426 0.027149 0.201584
15 0.778615 0.426836 0.055847 0.085938
14 0.748375 0.498320 0.056980 0.121772
4 0.376290 0.510532 0.043925 0.166917
16 0.529774 0.742501 0.024488 0.192198
1 0.476060 0.513265 0.034811 0.175982
10 0.611576 0.515137 0.035338 0.195261
10 0.611790 0.469959 0.035445 0.287078
26 0.441087 0.759459 0.034079 0.240973
3 0.408901 0.504342 0.042496 0.176602
25 0.442261 0.759192 0.032498 0.235455
