22 0.220440 0.691470 0.076309 0.186877
10 0.393911 0.500062 0.039330 0.243899
31 0.865157 0.640272 0.069482 0.123199
15 0.180017 0.391025 0.053980 0.142702
12 0.319265 0.500870 0.036644 0.180770
17 0.556407 0.713086 0.032874 0.131966
13 0.274900 0.493856 0.058651 0.171238
11 0.354927 0.500571 0.040047 0.210574
9 0.429896 0.514643 0.036348 0.224618
14 0.213184 0.474608 0.058445 0.187442
8 0.473205 0.514975 0.044791 0.230243
0 0.516937 0.512810 0.038636 0.229479
23 0.152453 0.650366 0.082337 0.107316
19 0.382115 0.738894 0.044968 0.173564
14 0.790340 0.470059 0.064019 0.188687
21 0.279473 0.717814 0.083858 0.201804
15 0.831428 0.396198 0.053616 0.155465
27 0.639464 0.734376 0.049983 0.190517
28 0.681218 0.723067 0.054832 0.197717
26 0.594056 0.734777 0.040808 0.191839
20 0.339922 0.737153 0.053329 0.188005
30 0.804845 0.678140 0.077807 0.181827
12 0.675145 0.477639 0.043108 0.221410
29 0.738851 0.712656 0.080564 0.189225
1 0.558398 0.514601 0.041378 0.203984
18 0.594291 0.736207 0.040761 0.192781
18 0.422077 0.745905 0.045939 0.188653
9 0.558611 0.514832 0.041066 0.202477
2 0.595962 0.488663 0.046002 0.245219
17 0.462121 0.712487 0.031611 0.116399
13 0.724452 0.480905 0.060335 0.195460
16 0.523877 0.712558 0.026294 0.118672
24 0.494180 0.721872 0.026425 0.131217
4 0.675199 0.477952 0.043544 0.220536
26 0.421858 0.746862 0.045571 0.189517
24 0.523868 0.713063 0.025982 0.123731
27 0.382104 0.739199 0.044397 0.173924
7 0.829979 0.392902 0.052511 0.155178
10 0.596033 0.487795 0.046070 0.248004
11 0.638596 0.495615 0.036992 0.200446
3 0.638590 0.498883 0.036795 0.194191
25 0.462160 0.712600 0.031806 0.118741
25 0.556234 0.711583 0.032542 0.129428
16 0.494089 0.722477 0.026342 0.132531
