31 0.184993 0.551599 0.084029 0.114240
4 0.347727 0.385107 0.044046 0.199375
2 0.413443 0.388126 0.037700 0.225486
4 0.662621 0.372969 0.043674 0.202970
2 0.588136 0.391589 0.036980 0.218156
0 0.522635 0.389140 0.037756 0.213878
6 0.261475 0.356024 0.052152 0.200516
25 0.540214 0.607219 0.034358 0.193765
29 0.700975 0.585509 0.080631 0.218642
28 0.648561 0.614316 0.056385 0.206069
3 0.378435 0.387392 0.035667 0.225081
20 0.359681 0.610694 0.048109 0.217294
27 0.607876 0.621795 0.051710 0.211784
26 0.577540 0.622945 0.052784 0.199708
17 0.465773 0.603023 0.026646 0.172036
1 0.556949 0.388228 0.028258 0.198218
0 0.483013 0.392529 0.037852 0.210112
24 0.515037 0.597372 0.024757 0.178124
30 0.761499 0.559488 0.081812 0.208053
1 0.448489 0.388413 0.029507 0.207124
18 0.436042 0.601196 0.033504 0.199692
31 0.829580 0.523876 0.086785 0.125033
3 0.627837 0.381958 0.041186 0.209116
6 0.749020 0.345755 0.058081 0.182686
30 0.247381 0.575350 0.069861 0.205628
19 0.399024 0.620554 0.037993 0.218357
16 0.490307 0.602807 0.022648 0.170300
7 0.748892 0.345465 0.058014 0.183945
8 0.482892 0.392715 0.038245 0.209132
21 0.303042 0.582048 0.077429 0.203443
29 0.303689 0.582286 0.076703 0.202545
22 0.247042 0.575908 0.069151 0.205031
8 0.522807 0.389595 0.037585 0.213404
9 0.557783 0.388853 0.029845 0.198312
