30 0.228744 0.620522 0.072293 0.138004
29 0.292476 0.636691 0.097990 0.203918
21 0.740264 0.646255 0.093836 0.195244
22 0.799589 0.619746 0.073148 0.150935
20 0.681349 0.659177 0.053865 0.146652
11 0.654964 0.441473 0.044913 0.216611
23 0.845806 0.554887 0.055240 0.108524
4 0.352625 0.422342 0.047015 0.187733
27 0.408502 0.664879 0.042012 0.170654
9 0.579381 0.464956 0.040602 0.212327
19 0.629620 0.676769 0.040676 0.172183
17 0.561689 0.693349 0.030137 0.183914
18 0.595239 0.699571 0.034848 0.210825
8 0.544065 0.460052 0.040554 0.236940
28 0.356707 0.643359 0.058001 0.156308
26 0.448478 0.676675 0.037972 0.188906
2 0.432449 0.403134 0.049914 0.237423
10 0.614828 0.439537 0.038025 0.216170
25 0.482665 0.669327 0.033226 0.154591
24 0.509204 0.674415 0.027154 0.153256
16 0.535595 0.678545 0.026178 0.152846
0 0.501475 0.474893 0.043605 0.204313
15 0.796409 0.285188 0.058720 0.093800
12 0.690020 0.421727 0.043131 0.144796
3 0.394143 0.447172 0.047398 0.188660
31 0.187762 0.544387 0.049054 0.092203
5 0.295859 0.420577 0.063406 0.192869
6 0.260148 0.357502 0.063206 0.145814
1 0.472263 0.462207 0.051188 0.194076
14 0.740900 0.430463 0.063882 0.186156
7 0.236605 0.285787 0.062651 0.091702
15 0.775710 0.363036 0.059774 0.136193
15 0.237022 0.285526 0.062441 0.090472
