30 0.218512 0.598629 0.093773 0.194867
29 0.284324 0.644443 0.106484 0.212054
31 0.163149 0.564048 0.065607 0.128467
7 0.225208 0.320279 0.060224 0.116735
17 0.558331 0.672054 0.036869 0.158021
22 0.792118 0.591810 0.087402 0.186867
28 0.345221 0.670882 0.066914 0.207449
13 0.716552 0.415501 0.057374 0.187364
23 0.840306 0.551384 0.054122 0.125147
15 0.794735 0.307655 0.053644 0.107477
12 0.670030 0.429800 0.044490 0.198059
5 0.311518 0.429447 0.065408 0.185574
27 0.394815 0.685176 0.043603 0.215595
6 0.251845 0.408792 0.061817 0.172877
8 0.534060 0.460043 0.040234 0.236021
14 0.769155 0.394633 0.057660 0.177319
0 0.490099 0.451330 0.043592 0.254212
24 0.500935 0.671611 0.031530 0.193357
18 0.597888 0.690561 0.052724 0.234919
2 0.417816 0.429818 0.040225 0.228338
9 0.570291 0.445353 0.032816 0.245850
1 0.457706 0.443518 0.040937 0.251236
26 0.436662 0.675069 0.043380 0.203615
11 0.636609 0.436769 0.040651 0.220271
25 0.472650 0.686698 0.033180 0.186370
4 0.360672 0.440324 0.049116 0.210114
16 0.528505 0.675432 0.029325 0.162216
20 0.682980 0.647208 0.074014 0.171703
10 0.604249 0.419125 0.036442 0.278832
3 0.392213 0.447857 0.035477 0.212504
21 0.732842 0.633061 0.098258 0.209544
19 0.629086 0.656522 0.041347 0.163181
22 0.733188 0.633491 0.098859 0.210360
