30 0.235686 0.621631 0.091202 0.174815
21 0.713687 0.686924 0.091221 0.198869
29 0.294662 0.674239 0.090298 0.197565
7 0.225809 0.321168 0.061447 0.141058
31 0.180857 0.604709 0.067762 0.121328
12 0.677602 0.451522 0.038917 0.201489
23 0.823541 0.615685 0.067718 0.126991
18 0.573607 0.710494 0.034386 0.195815
20 0.652840 0.703351 0.050324 0.191875
27 0.391541 0.698700 0.046183 0.190703
15 0.788179 0.323117 0.052486 0.144718
25 0.463403 0.698480 0.031960 0.174250
19 0.611944 0.710336 0.041840 0.199104
2 0.413485 0.457783 0.038867 0.236731
17 0.540328 0.703304 0.029671 0.180342
5 0.292330 0.452214 0.060564 0.170960
28 0.351872 0.698556 0.050588 0.196583
13 0.722035 0.453696 0.063761 0.182283
26 0.430424 0.698640 0.035524 0.173561
22 0.771273 0.635214 0.088530 0.179150
11 0.639649 0.450247 0.040083 0.212875
6 0.245012 0.408216 0.059970 0.196688
8 0.531186 0.467544 0.043653 0.245714
14 0.764958 0.424945 0.060319 0.175631
4 0.340099 0.455470 0.042294 0.195558
10 0.605161 0.449123 0.036528 0.236658
0 0.489637 0.458965 0.038495 0.259156
9 0.567928 0.453554 0.038782 0.240030
1 0.451264 0.470947 0.037387 0.213418
24 0.489639 0.694413 0.022801 0.158609
16 0.514589 0.693871 0.023778 0.149205
3 0.377737 0.459102 0.040386 0.212472
