13 0.723890 0.437099 0.064525 0.174328
30 0.198833 0.630267 0.105456 0.208700
29 0.282421 0.666097 0.089014 0.219198
31 0.136934 0.606343 0.083868 0.166343
21 0.718290 0.652558 0.086904 0.222493
20 0.655692 0.663388 0.054486 0.242882
22 0.792620 0.615767 0.089580 0.201913
23 0.859208 0.584679 0.082220 0.160494
18 0.585721 0.689831 0.054983 0.240772
7 0.181302 0.411041 0.062280 0.124647
19 0.618717 0.671127 0.062285 0.222518
25 0.459025 0.677184 0.048226 0.198874
27 0.386961 0.678623 0.047979 0.230421
2 0.420021 0.439128 0.047315 0.223457
9 0.581265 0.436171 0.049141 0.214775
14 0.781973 0.414948 0.057879 0.189480
8 0.540937 0.438324 0.052496 0.232654
28 0.341836 0.660851 0.050640 0.190059
24 0.486642 0.668870 0.038009 0.186827
0 0.493003 0.439405 0.055489 0.228256
4 0.345772 0.443624 0.046647 0.208703
12 0.669120 0.425763 0.040106 0.187316
3 0.384171 0.440382 0.051576 0.212375
10 0.629046 0.436079 0.042153 0.203055
26 0.420694 0.675273 0.044635 0.201495
17 0.542338 0.662601 0.032789 0.190040
5 0.290101 0.448774 0.069082 0.183449
15 0.830054 0.389698 0.073708 0.179476
6 0.230298 0.440443 0.056220 0.204270
16 0.512303 0.656415 0.031942 0.170748
1 0.459764 0.446010 0.039729 0.216009
