30 0.775820 0.572432 0.093994 0.193044
29 0.710655 0.621563 0.107506 0.195777
31 0.833024 0.537425 0.076307 0.132357
7 0.805343 0.319644 0.062724 0.134184
4 0.643390 0.411005 0.057857 0.202588
5 0.705350 0.403275 0.074027 0.195245
26 0.556808 0.670777 0.050057 0.185491
28 0.648040 0.652747 0.068194 0.196422
6 0.762298 0.385894 0.065150 0.165627
0 0.511914 0.442908 0.041906 0.229185
27 0.596552 0.662478 0.043371 0.189311
25 0.519273 0.682507 0.039011 0.187180
9 0.429331 0.444660 0.034879 0.195825
31 0.163249 0.549331 0.076234 0.136182
8 0.468857 0.436212 0.038820 0.242666
24 0.489911 0.685726 0.030579 0.194859
18 0.394154 0.695389 0.043908 0.195069
30 0.223742 0.582998 0.077399 0.193894
16 0.460767 0.695362 0.023557 0.156375
2 0.561723 0.395080 0.061609 0.218358
17 0.431019 0.694728 0.031161 0.168288
29 0.277273 0.628860 0.094567 0.203784
1 0.559822 0.415282 0.063094 0.251544
7 0.191458 0.316282 0.062208 0.150352
19 0.365757 0.652749 0.050440 0.157768
12 0.324801 0.424080 0.044746 0.181272
3 0.605326 0.430094 0.047419 0.173904
10 0.392917 0.435856 0.036616 0.207332
13 0.274025 0.422094 0.058847 0.161369
20 0.333661 0.654013 0.051455 0.192117
14 0.226139 0.377945 0.060589 0.190154
3 0.359174 0.429757 0.043021 0.175563
11 0.359345 0.429616 0.043078 0.175554
15 0.188676 0.314313 0.060868 0.151120
6 0.226011 0.378360 0.060163 0.189874
28 0.333858 0.653125 0.050672 0.191502
2 0.564805 0.365109 0.055418 0.156887
