29 0.303172 0.606160 0.091825 0.187514
20 0.656125 0.636940 0.074810 0.186092
30 0.251107 0.556202 0.086925 0.169172
12 0.658781 0.410211 0.041675 0.210973
21 0.701995 0.617171 0.096329 0.202733
13 0.707402 0.393258 0.054387 0.198028
27 0.391074 0.652523 0.056704 0.182648
26 0.422672 0.662944 0.050167 0.168568
22 0.751727 0.572332 0.086590 0.185406
17 0.542698 0.658821 0.036701 0.134332
19 0.612683 0.656073 0.060421 0.181576
28 0.350008 0.632589 0.075686 0.196287
23 0.797737 0.542673 0.064181 0.176460
2 0.425150 0.437184 0.037465 0.221945
18 0.576417 0.666658 0.053284 0.169804
31 0.201455 0.520193 0.065974 0.171312
25 0.461664 0.661920 0.030158 0.147322
14 0.754880 0.371187 0.059082 0.195856
5 0.304805 0.396649 0.057225 0.191368
15 0.794172 0.372511 0.068224 0.110160
6 0.255859 0.373343 0.067525 0.189365
11 0.623583 0.422042 0.040955 0.224712
9 0.557504 0.448107 0.029555 0.199214
4 0.352596 0.412769 0.043486 0.206542
16 0.516383 0.665615 0.029786 0.146664
24 0.488216 0.660511 0.022889 0.134882
3 0.391292 0.425705 0.045653 0.218890
10 0.588478 0.438501 0.036003 0.224443
8 0.523719 0.437750 0.036928 0.265158
0 0.488398 0.441401 0.038743 0.263827
1 0.455085 0.440837 0.029143 0.230229
7 0.220539 0.327907 0.067947 0.165151
1 0.458387 0.418434 0.037692 0.277042
