29 0.319806 0.656311 0.086161 0.208596
31 0.194735 0.578894 0.089434 0.171827
20 0.648137 0.677633 0.059759 0.221573
30 0.257440 0.628073 0.081618 0.198317
7 0.219239 0.388271 0.062441 0.169279
23 0.799309 0.557640 0.071908 0.157943
21 0.696698 0.649697 0.079988 0.209181
27 0.414860 0.682997 0.040028 0.218599
19 0.604210 0.681396 0.035460 0.206251
6 0.262857 0.415222 0.051455 0.182413
13 0.697611 0.423390 0.052218 0.176951
5 0.319237 0.425538 0.061221 0.196696
22 0.748383 0.617675 0.069938 0.196737
14 0.744653 0.388383 0.051359 0.206159
28 0.376873 0.681456 0.054857 0.237535
15 0.785796 0.375549 0.058937 0.171834
12 0.654715 0.424621 0.037698 0.209195
9 0.563525 0.450136 0.027852 0.235769
18 0.576824 0.684715 0.033410 0.180895
8 0.530901 0.454182 0.033916 0.250836
4 0.365771 0.429409 0.041066 0.221632
26 0.448497 0.677352 0.036917 0.168247
17 0.545730 0.680990 0.022771 0.139791
10 0.594528 0.438999 0.033102 0.240983
2 0.434619 0.454593 0.041815 0.220585
3 0.400597 0.438758 0.038222 0.227857
11 0.625279 0.437051 0.034958 0.220057
25 0.477335 0.673513 0.029855 0.135731
0 0.498138 0.451013 0.035261 0.239059
1 0.470613 0.457661 0.039755 0.214661
24 0.501150 0.682415 0.019959 0.145070
16 0.522644 0.683407 0.019592 0.141991
