29 0.261072 0.653669 0.097239 0.212033
27 0.368738 0.681062 0.066185 0.189002
22 0.813210 0.619764 0.090858 0.199443
2 0.404977 0.434623 0.048717 0.252801
28 0.322277 0.683740 0.068125 0.216903
21 0.749591 0.675162 0.095880 0.216122
20 0.683060 0.707296 0.062833 0.221365
5 0.267973 0.435677 0.068918 0.192146
30 0.196014 0.597502 0.096194 0.196544
6 0.216707 0.396156 0.069918 0.190835
19 0.637969 0.701783 0.053144 0.207715
23 0.871653 0.563054 0.069431 0.130410
12 0.708575 0.447349 0.040840 0.234542
9 0.585409 0.472446 0.040319 0.217530
26 0.415485 0.707966 0.054142 0.216183
10 0.625416 0.468127 0.043526 0.221485
18 0.596722 0.709576 0.041978 0.172643
4 0.316272 0.438076 0.042084 0.217175
31 0.143384 0.549360 0.064548 0.103396
24 0.489774 0.677676 0.033246 0.151674
8 0.539189 0.470064 0.053745 0.225664
14 0.794457 0.378992 0.076414 0.225908
11 0.666175 0.454711 0.043582 0.244588
0 0.495293 0.463945 0.046253 0.223193
17 0.555721 0.684638 0.035017 0.143245
1 0.452345 0.465205 0.045086 0.204167
3 0.359762 0.452581 0.050117 0.215326
15 0.827884 0.307554 0.048420 0.156246
16 0.522347 0.672916 0.030049 0.147404
7 0.187521 0.302322 0.047894 0.157211
13 0.751072 0.440190 0.066970 0.211672
25 0.457067 0.701799 0.038373 0.186432
