7 0.214090 0.482132 0.044191 0.125914
27 0.411991 0.702079 0.046715 0.216715
6 0.266057 0.492791 0.063018 0.233971
9 0.562930 0.464293 0.028834 0.214200
13 0.710678 0.468672 0.049411 0.146788
8 0.529240 0.459785 0.035849 0.231449
26 0.450877 0.714389 0.037039 0.243440
11 0.629152 0.471245 0.038907 0.217738
12 0.669596 0.476523 0.034611 0.128628
18 0.595272 0.718555 0.037368 0.248832
5 0.319508 0.473188 0.050367 0.120086
15 0.802773 0.483373 0.050765 0.190182
10 0.595860 0.440718 0.035217 0.256702
3 0.385518 0.465490 0.055180 0.221307
17 0.564974 0.694165 0.037679 0.207226
1 0.457900 0.450160 0.033701 0.245109
0 0.492447 0.478605 0.036748 0.219972
16 0.535400 0.689834 0.025337 0.182961
25 0.483151 0.694121 0.026765 0.197222
25 0.482601 0.666590 0.027606 0.133905
16 0.510609 0.694826 0.027012 0.191489
17 0.535528 0.689326 0.026379 0.182344
14 0.754411 0.477106 0.041086 0.111675
13 0.754397 0.477180 0.041228 0.111963
14 0.802744 0.481475 0.050202 0.194952
