29 0.303323 0.652912 0.091870 0.216354
30 0.244852 0.609433 0.091197 0.200546
31 0.190527 0.581459 0.069728 0.121400
21 0.714685 0.650032 0.094440 0.216007
22 0.772636 0.601297 0.095675 0.193087
7 0.205816 0.275603 0.066030 0.124233
12 0.683148 0.394667 0.042985 0.228994
5 0.279740 0.396050 0.057569 0.194730
23 0.824303 0.570917 0.065314 0.120240
10 0.602711 0.403761 0.045858 0.258829
13 0.732544 0.395008 0.061399 0.204383
19 0.611053 0.678409 0.042462 0.223546
20 0.658262 0.679837 0.058580 0.239464
2 0.407659 0.400382 0.044464 0.261487
6 0.225905 0.372494 0.064060 0.192670
18 0.572933 0.679478 0.045811 0.236470
14 0.784299 0.379578 0.068425 0.173244
4 0.331369 0.397407 0.042989 0.215544
28 0.364712 0.677100 0.050104 0.242199
8 0.527840 0.412239 0.038550 0.244708
9 0.563570 0.420421 0.034558 0.225463
27 0.405417 0.678479 0.036541 0.228160
3 0.371199 0.397982 0.042989 0.234905
17 0.535976 0.653283 0.029389 0.187675
26 0.444297 0.673703 0.035121 0.229455
11 0.643990 0.399071 0.039769 0.237070
0 0.485160 0.420326 0.036922 0.228314
15 0.800324 0.268006 0.067545 0.126457
1 0.451016 0.409377 0.038195 0.239420
16 0.507336 0.649414 0.028349 0.183019
25 0.478445 0.648186 0.027036 0.175429
24 0.478464 0.648062 0.026526 0.178829
