7 0.207979 0.304336 0.056546 0.092872
30 0.222402 0.601872 0.088655 0.181044
29 0.288567 0.663969 0.086805 0.212811
21 0.739772 0.675903 0.086129 0.216500
31 0.166820 0.571182 0.063730 0.119406
6 0.227852 0.390785 0.066895 0.160116
5 0.280687 0.411096 0.059745 0.182647
2 0.411077 0.399863 0.043333 0.220314
27 0.394928 0.679962 0.043740 0.202948
20 0.682528 0.696954 0.058335 0.205766
8 0.536641 0.435880 0.043415 0.222766
10 0.609907 0.399753 0.039384 0.218404
4 0.335245 0.413367 0.046328 0.199191
9 0.572632 0.427832 0.039103 0.198622
22 0.799401 0.617500 0.083913 0.170079
28 0.344919 0.679313 0.060635 0.198513
26 0.435942 0.658531 0.042978 0.185502
19 0.632672 0.690002 0.042730 0.195777
25 0.472593 0.652183 0.037566 0.168166
24 0.499452 0.648428 0.029452 0.182038
0 0.491458 0.435826 0.044325 0.224778
18 0.594302 0.670815 0.035367 0.181121
14 0.789456 0.415906 0.058967 0.160180
13 0.732762 0.431663 0.060434 0.175079
23 0.856882 0.605778 0.060501 0.125388
11 0.646273 0.420487 0.043265 0.215955
12 0.682090 0.424760 0.040998 0.212188
3 0.375801 0.422785 0.043041 0.182283
16 0.531376 0.649889 0.028488 0.178538
17 0.558172 0.656126 0.040449 0.164276
1 0.455857 0.426288 0.044251 0.202358
15 0.807498 0.321134 0.060328 0.099892
7 0.807045 0.322085 0.059863 0.099603
