29 0.284906 0.660216 0.098107 0.217190
30 0.210678 0.620399 0.088074 0.165194
31 0.173728 0.538998 0.063770 0.129374
26 0.424318 0.719760 0.057750 0.249983
28 0.340471 0.694165 0.066923 0.210371
19 0.628473 0.703960 0.049966 0.216804
2 0.399894 0.452154 0.040198 0.245154
27 0.389219 0.708303 0.046248 0.221569
24 0.499174 0.700523 0.032430 0.171619
8 0.520503 0.463107 0.046304 0.258249
18 0.596226 0.713517 0.048490 0.227378
20 0.678587 0.680544 0.072345 0.190240
12 0.663265 0.435676 0.052381 0.198231
21 0.733974 0.658005 0.100444 0.218835
9 0.549321 0.436503 0.047520 0.216941
17 0.558302 0.711976 0.042232 0.198979
6 0.247452 0.340482 0.069552 0.165251
0 0.478463 0.466825 0.040749 0.252107
10 0.592901 0.433515 0.044599 0.220793
16 0.525665 0.688938 0.028078 0.148365
25 0.466895 0.696226 0.033664 0.155449
13 0.718899 0.401460 0.066073 0.227232
15 0.793233 0.271806 0.063910 0.124183
4 0.327781 0.438260 0.046547 0.196068
5 0.279615 0.401498 0.064008 0.222612
15 0.219859 0.255885 0.061008 0.120226
1 0.438569 0.461954 0.038602 0.246485
14 0.757033 0.340703 0.067944 0.165154
11 0.628275 0.438629 0.048609 0.222611
3 0.364400 0.452404 0.044354 0.205805
31 0.852044 0.549750 0.064312 0.127395
30 0.804319 0.624308 0.084974 0.162100
22 0.804269 0.624184 0.085682 0.162212
23 0.851988 0.549980 0.064857 0.126886
7 0.220457 0.256315 0.060663 0.124369
7 0.792213 0.274031 0.062338 0.118132
