30 0.225749 0.598321 0.092909 0.196374
20 0.658991 0.669330 0.052433 0.183374
21 0.718728 0.635210 0.099842 0.205037
19 0.619765 0.675114 0.050120 0.175003
28 0.355113 0.680552 0.057501 0.176934
11 0.637187 0.436989 0.040303 0.212061
22 0.780426 0.576606 0.094815 0.197925
12 0.665816 0.397814 0.049305 0.127182
27 0.401546 0.694512 0.041628 0.200854
9 0.568568 0.463043 0.042390 0.208419
18 0.584346 0.688137 0.044103 0.202041
2 0.425970 0.444645 0.046381 0.223277
5 0.298469 0.430091 0.064365 0.190206
14 0.778497 0.378948 0.068628 0.159437
10 0.602109 0.439374 0.042963 0.221292
4 0.351010 0.403809 0.036688 0.136895
8 0.534119 0.455297 0.040204 0.255610
6 0.242957 0.404341 0.068565 0.164328
13 0.728265 0.423214 0.062253 0.170012
29 0.291703 0.643788 0.102803 0.209168
25 0.473481 0.680550 0.035792 0.167360
17 0.549579 0.691211 0.028640 0.179495
24 0.499414 0.682966 0.025408 0.166265
0 0.493385 0.467797 0.038358 0.234617
16 0.522230 0.688879 0.025891 0.170724
1 0.459191 0.459417 0.038184 0.236260
26 0.446386 0.688896 0.051328 0.209576
3 0.391531 0.452811 0.039868 0.202815
23 0.850511 0.526850 0.047807 0.095196
14 0.728133 0.422387 0.062459 0.171606
3 0.375679 0.394652 0.035996 0.092024
