28 0.359013 0.699747 0.063631 0.207597
27 0.403276 0.706186 0.048258 0.195741
17 0.565822 0.710064 0.036926 0.180245
26 0.440850 0.712289 0.042352 0.199019
18 0.604155 0.721044 0.047268 0.205761
24 0.507333 0.705236 0.029462 0.161078
31 0.190962 0.604151 0.069136 0.188440
12 0.337252 0.457639 0.040694 0.212161
31 0.839925 0.587947 0.071516 0.184721
0 0.524719 0.479757 0.040141 0.248614
8 0.483179 0.477958 0.041472 0.260027
25 0.478007 0.709022 0.030533 0.158806
16 0.536978 0.695711 0.028434 0.134961
21 0.732637 0.669318 0.108688 0.221750
13 0.291887 0.462888 0.056827 0.165166
14 0.242048 0.433647 0.056722 0.164751
19 0.638085 0.706953 0.050364 0.191590
7 0.803102 0.391186 0.072432 0.119816
9 0.442979 0.489154 0.039671 0.221885
1 0.559210 0.478115 0.043244 0.214359
29 0.304118 0.677614 0.103842 0.223873
10 0.405384 0.465211 0.036544 0.263030
30 0.243626 0.634457 0.088040 0.201555
20 0.676309 0.697839 0.058906 0.211173
13 0.718304 0.440128 0.063634 0.213141
22 0.789007 0.619614 0.090729 0.197288
2 0.598570 0.450310 0.041934 0.271069
1 0.442917 0.488195 0.040358 0.219472
11 0.372363 0.473117 0.040221 0.215531
12 0.669442 0.459149 0.048520 0.211271
14 0.767433 0.425785 0.064938 0.178677
10 0.598183 0.450133 0.042878 0.270746
2 0.405047 0.466499 0.036027 0.258572
3 0.639122 0.462604 0.041514 0.230267
30 0.789201 0.618891 0.090941 0.198913
15 0.206387 0.395041 0.069827 0.127924
11 0.639302 0.463218 0.040966 0.229457
0 0.483041 0.478752 0.041710 0.257631
7 0.209787 0.394573 0.074454 0.132870
