30 0.245442 0.608602 0.070412 0.191124
29 0.302092 0.637994 0.095516 0.214313
31 0.189645 0.589350 0.059844 0.130374
12 0.666071 0.422218 0.046717 0.188486
21 0.708170 0.635518 0.085411 0.215331
27 0.396822 0.652954 0.036527 0.194975
20 0.653409 0.639703 0.052019 0.189046
17 0.545390 0.654978 0.029546 0.167163
13 0.714357 0.420972 0.061628 0.185613
19 0.608935 0.648184 0.037267 0.186535
22 0.763732 0.598974 0.068799 0.187084
2 0.419671 0.430232 0.034194 0.193392
9 0.569271 0.426072 0.041743 0.209423
0 0.491276 0.427117 0.039411 0.226169
5 0.301938 0.435665 0.065758 0.161791
18 0.578045 0.667196 0.034041 0.181926
28 0.356163 0.649695 0.045391 0.188379
15 0.778057 0.292461 0.059753 0.111229
14 0.751493 0.369830 0.065427 0.165303
4 0.351170 0.431780 0.041752 0.183606
25 0.461735 0.656343 0.027791 0.173974
7 0.242534 0.281793 0.062931 0.125916
8 0.532736 0.426640 0.041424 0.233321
26 0.431928 0.656664 0.032317 0.165003
6 0.263651 0.381103 0.070968 0.173455
16 0.517092 0.649646 0.025299 0.161101
11 0.636189 0.426711 0.044377 0.190130
1 0.457676 0.424751 0.040131 0.214438
3 0.385281 0.427768 0.042877 0.193681
24 0.489350 0.655957 0.024928 0.172250
10 0.601429 0.394858 0.040705 0.147043
23 0.820140 0.573503 0.055850 0.131973
15 0.242201 0.281911 0.064451 0.126891
31 0.007593 0.384418 0.015185 0.163103
16 0.474332 0.982242 0.034812 0.034697
