27 0.382433 0.694187 0.042600 0.207743
29 0.270495 0.669132 0.092101 0.201095
28 0.333583 0.697169 0.055561 0.203847
7 0.195582 0.361061 0.056617 0.148925
31 0.145821 0.590412 0.075052 0.119182
18 0.570046 0.708471 0.046099 0.208998
26 0.418072 0.693947 0.043861 0.226341
30 0.212602 0.630783 0.077424 0.183900
9 0.549720 0.453526 0.057404 0.225516
25 0.454921 0.689970 0.039113 0.182886
10 0.589288 0.416479 0.048383 0.215409
19 0.603263 0.691969 0.044876 0.206352
17 0.532008 0.689023 0.031481 0.181970
13 0.701136 0.450820 0.062695 0.181189
4 0.329508 0.458422 0.047134 0.206329
15 0.793625 0.375336 0.073172 0.134485
8 0.515053 0.456408 0.049672 0.249246
16 0.506281 0.683593 0.029877 0.164450
0 0.472908 0.454947 0.039516 0.250753
14 0.762636 0.430544 0.063407 0.171514
5 0.281034 0.451923 0.056840 0.197477
24 0.480506 0.684561 0.038194 0.159875
21 0.711756 0.674747 0.091878 0.210938
3 0.370895 0.454548 0.049841 0.214270
1 0.435475 0.461437 0.043835 0.216851
11 0.611790 0.446550 0.049966 0.213626
9 0.435714 0.462538 0.043698 0.215520
20 0.647432 0.696518 0.056819 0.212903
2 0.400009 0.428035 0.036971 0.214175
12 0.653310 0.446395 0.049186 0.211919
6 0.230817 0.434196 0.072260 0.174838
31 0.838246 0.602141 0.078342 0.139364
22 0.773221 0.629290 0.088451 0.182778
23 0.838318 0.602017 0.077535 0.138851
10 0.400048 0.427800 0.036587 0.215189
8 0.472911 0.458106 0.039661 0.244342
17 0.453592 0.684186 0.037085 0.163063
15 0.194626 0.361484 0.058175 0.151853
