30 0.249737 0.581177 0.092598 0.233279
31 0.198001 0.524422 0.081950 0.195584
29 0.301419 0.603927 0.105617 0.229029
18 0.580810 0.649982 0.045987 0.269040
21 0.706305 0.605335 0.094867 0.232053
23 0.808403 0.531454 0.074953 0.191040
20 0.649569 0.625356 0.058331 0.228980
5 0.291801 0.353854 0.058679 0.206652
6 0.237252 0.340224 0.057653 0.186576
28 0.363676 0.626782 0.058797 0.236622
19 0.608475 0.626224 0.045080 0.224322
13 0.723439 0.352934 0.056626 0.202899
7 0.190152 0.333395 0.066331 0.142038
12 0.677923 0.354537 0.041120 0.232211
4 0.339132 0.356292 0.045878 0.223925
8 0.530746 0.360044 0.042694 0.251279
2 0.414734 0.346732 0.041438 0.253588
22 0.763293 0.569147 0.096590 0.210107
10 0.602643 0.367457 0.038447 0.232033
11 0.639466 0.356167 0.046038 0.236005
25 0.471200 0.596554 0.036340 0.180185
14 0.776686 0.326868 0.053952 0.206500
9 0.567337 0.369483 0.031720 0.218108
27 0.405226 0.625475 0.046635 0.235091
1 0.453556 0.357019 0.034529 0.241118
0 0.489756 0.343906 0.038269 0.285783
17 0.544481 0.603451 0.031077 0.189161
24 0.494236 0.602159 0.027843 0.183116
15 0.823445 0.300735 0.065619 0.196383
3 0.379389 0.346638 0.041996 0.240498
26 0.439165 0.613276 0.044160 0.214722
16 0.519720 0.603600 0.020661 0.180496
